         1    8.40188    8.40188          0          0   -7.72163   -7.03326
    1.0625    7.92007    7.96293   0.510048    0.51139   -7.68339   -7.00308
     1.125    7.44305    7.52775   0.990109   0.995445   -7.56865   -6.91254
    1.1875    6.97558    7.10012    1.44063    1.45252   -7.37743   -6.76165
      1.25    6.52246     6.6838    1.86236    1.88319   -7.10971   -6.55041
    1.3125    6.08846    6.28257    2.25633    2.28831    -6.7655    -6.2788
     1.375    5.67837    5.90021    2.62391    2.66891   -6.34481   -5.94684
    1.4375    5.29696    5.54048    2.96673     3.0263   -5.84762   -5.55452
       1.5    4.94901    5.20715    3.28673    3.36202   -5.27394   -5.10185
    1.5625    4.63931      4.904    3.58615    3.67783   -4.62378   -4.58882
     1.625    4.37263     4.6348    3.86754    3.97573   -3.89712   -4.01543
    1.6875    4.15376    4.40333    4.13373    4.25796   -3.09397   -3.38169
      1.75    3.98748    4.21335    4.38785    4.52701   -2.21433   -2.68759
    1.8125    3.87856    4.06864    4.63336    4.78557    -1.2582   -1.93314
     1.875     3.8318    3.97297    4.87397    5.03661  -0.225585   -1.11832
    1.9375    3.85196    3.93011    5.11372     5.2833   0.883524  -0.243155
         2    3.94383    3.94383    5.35696    5.52905    2.06912    0.69237
    2.0625    4.10318    4.01617    5.60812     5.7775    3.00553    1.60498
     2.125    4.31646    4.14224    5.87098    6.03219    3.79521    2.41139
    2.1875    4.57452    4.31539    6.14861    6.29626    4.43817    3.11162
      2.25    4.86818    4.52898    6.44353    6.57246    4.93441    3.70565
    2.3125    5.18827    4.77638    6.75768    6.86309    5.28393    4.19349
     2.375    5.52561    5.05095    7.09243    7.17007    5.48674    4.57514
    2.4375    5.87105    5.34606    7.44855    7.49489    5.54282     4.8506
       2.5    6.21541    5.65507    7.82629    7.83862    5.45218    5.01987
    2.5625    6.54952    5.97133    8.22527    8.20192    5.21482    5.08295
     2.625     6.8642    6.28822    8.64457    8.58505    4.83074    5.03983
    2.6875     7.1503     6.5991     9.0827    8.98783    4.29994    4.89053
      2.75    7.39864    6.89733    9.53757    9.40967    3.62242    4.63503
    2.8125    7.60005    7.17627    10.0065    9.84959    2.79818    4.27334
     2.875    7.74536    7.42928    10.4864    10.3062    1.82722    3.80546
    2.9375    7.82539    7.64974    10.9734    10.7776    0.70954    3.23139
         3    7.83099    7.83099     11.463    11.2616   -0.55486    2.55112
    3.0625    7.80169    7.96837    11.9515    11.7555  -0.385743    1.85842
     3.125    7.78243    8.06499    12.4385    12.2568  -0.233298    1.24702
    3.1875    7.77218    8.12594    12.9245    12.7629 -0.0975262   0.716934
      3.25    7.76989     8.1563    13.4101    13.2719  0.0215735   0.268154
    3.3125    7.77452    8.16115    13.8959    13.7819   0.124001 -0.0993171
     3.375    7.78504    8.14558    14.3821    14.2916   0.209756   -0.38548
    3.4375     7.8004    8.11466    14.8691    14.7998   0.278838  -0.590335
       3.5    7.81955    8.07348    15.3572    15.3057   0.331248  -0.713881
    3.5625    7.84146    8.02712    15.8466    15.8089   0.366985  -0.756119
     3.625    7.86507    7.98066    16.3374    16.3091    0.38605  -0.717049
    3.6875    7.88936    7.93918    16.8298    16.8065   0.388443   -0.59667
      3.75    7.91328    7.90777    17.3236    17.3017   0.374163  -0.394983
    3.8125    7.93579     7.8915    17.8189    17.7953    0.34321  -0.111987
     3.875    7.95584    7.89547    18.3155    18.2886   0.295585   0.252317
    3.9375    7.97239    7.92474    18.8133    18.7828   0.231288   0.697929
         4     7.9844     7.9844     19.312    19.2798   0.150318    1.22485
    4.0625    8.00554    8.07756    19.8115    19.7816   0.517752    1.73813
     4.125    8.04806     8.1994    20.3131    20.2901   0.834555    2.14281
    4.1875    8.10881    8.34315    20.8179    20.8069    1.10073     2.4389
      4.25     8.1846      8.502     21.327    21.3333    1.31627    2.62639
    4.3125    8.27228    8.66918    21.8412    21.8699    1.48118    2.70529
     4.375    8.36869     8.8379    22.3612     22.417    1.59546    2.67559
    4.4375    8.47066    9.00137    22.8874    22.9745    1.65911     2.5373
       4.5    8.57503     9.1528    23.4201    23.5419    1.67213    2.29042
    4.5625    8.67862    9.28541    23.9593    24.1182    1.63452    1.93494
     4.625    8.77829    9.39241    24.5049     24.702    1.54628    1.47086
    4.6875    8.87085    9.46701    25.0564    25.2916    1.40741   0.898192
      4.75    8.95316    9.50242    25.6135    25.8846    1.21791   0.216927
    4.8125    9.02204    9.49186    26.1753    26.4784   0.977773  -0.572932
     4.875    9.07433    9.42854    26.7409      27.07   0.687009   -1.47139
    4.9375    9.10686    9.30567    27.3092    27.6557   0.345614   -2.47843
         5    9.11647    9.11647    27.8788    28.2318 -0.0464107   -3.59408
    5.0625     9.0336     8.8567    28.4468    28.7938   -2.54985    -4.6959
     5.125    8.80471    8.53232     29.005    29.3375   -4.71881   -5.66149
    5.1875    8.45072    8.15185    29.5448    29.8592    -6.5533   -6.49085
      5.25    7.99252    7.72381    30.0591    30.3555   -8.05332   -7.18397
    5.3125    7.45102     7.2567    30.5421    30.8239   -9.21887   -7.74086
     5.375    6.84713    6.75904    30.9892     31.262   -10.0499   -8.16151
    5.4375    6.20174    6.23934    31.3971    31.6683   -10.5465   -8.44593
       5.5    5.53578    5.70613     31.764    32.0416   -10.7087   -8.59412
    5.5625    4.87013    5.16792    32.0891    32.3814   -10.5363   -8.60607
     5.625     4.2257    4.63321    32.3732    32.6877   -10.0295   -8.48179
    5.6875    3.62341    4.11053    32.6182    32.9608   -9.18822   -8.22128
      5.75    3.08415    3.60839    32.8274    33.2019   -8.01245   -7.82453
    5.8125    2.62882     3.1353    33.0055    33.4125   -6.50222   -7.29155
     5.875    2.27834    2.69979    33.1582    33.5946   -4.65751   -6.62233
    5.9375     2.0536    2.31035    33.2929    33.7509   -2.47833   -5.81688
         6    1.97551    1.97551     33.418    33.8846  0.0353251    -4.8752
    6.0625    1.99326    1.70192    33.5418    33.9992   0.521658    -3.8868
     6.125    2.03935    1.48877    33.6677    34.0986   0.942061   -2.94121
    6.1875    2.10965    1.33338    33.7973    34.1865    1.29654   -2.03843
      6.25    2.20004    1.23308    33.9319    34.2664    1.58508   -1.17846
    6.3125    2.30641    1.18518    34.0726    34.3417    1.80769    -0.3613
     6.375    2.42463    1.18702    34.2204    34.4156    1.96438   0.413054
    6.4375    2.55058    1.23592    34.3758     34.491    2.05514     1.1446
       6.5    2.68015     1.3292    34.5393     34.571    2.07996    1.83334
    6.5625     2.8092     1.4642    34.7109    34.6581    2.03886    2.47927
     6.625    2.93363    1.63822    34.8904    34.7548    1.93183    3.08239
    6.6875    3.04931     1.8486    35.0774    34.8636    1.75886     3.6427
      6.75    3.15212    2.09267    35.2712    34.9866    1.51997     4.1602
    6.8125    3.23793    2.36774     35.471    35.1258    1.21515     4.6349
     6.875    3.30264    2.67114    35.6755    35.2831     0.8444    5.06678
    6.9375    3.34211    3.00019    35.8833    35.4602    0.40772    5.45586
         7    3.35223    3.35223    36.0927    35.6586 -0.0948898    5.80213
    7.0625    3.39438    3.72402     36.303    35.8797    1.41102    6.07929
     7.125     3.5245    4.11015    36.5188    36.1244    2.71979    6.26104
    7.1875    3.73025    4.50466    36.7452    36.3936    3.83144    6.34737
      7.25    3.99932    4.90158    36.9864    36.6876    4.74596    6.33828
    7.3125    4.31939    5.29496    37.2462    37.0063    5.46336    6.23379
     7.375    4.67813    5.67882    37.5272    37.3493    5.98362    6.03388
    7.4375    5.06323    6.04721    37.8315    37.7158    6.30676    5.73855
       7.5    5.46237    6.39415    38.1604    38.1047    6.43277    5.34782
    7.5625    5.86322    6.71369    38.5143    38.5145    6.36165    4.86166
     7.625    6.25347    6.99987     38.893    38.9432     6.0934     4.2801
    7.6875    6.62079    7.24672    39.2955    39.3886    5.62803    3.60312
      7.75    6.95287    7.44827    39.7199    39.8481    4.96552    2.83073
    7.8125    7.23738    7.59857    40.1636    40.3186    4.10589    1.96292
     7.875      7.462    7.69165    40.6233    40.7967    3.04913   0.999699
    7.9375    7.61441    7.72155    41.0949    41.2788    1.79525 -0.0589356
         8     7.6823     7.6823    41.5734    41.7605   0.344234   -1.21298
    8.0625    7.65082    7.57038    42.0531    42.2375   -1.31681   -2.34533
     8.125    7.52203    7.39202    42.5277    42.7054   -2.76994   -3.33888
    8.1875    7.30891    7.15591    42.9916    43.1603   -4.01515   -4.19361
      8.25    7.02446    6.87071    43.4398    43.5989   -5.05243   -4.90954
    8.3125    6.68169    6.54511    43.8684    44.0183    -5.8818   -5.48666
     8.375    6.29357    6.18777    44.2741    44.4164   -6.50324   -5.92497
    8.4375    5.87311    5.80738    44.6544    44.7913   -6.91677   -6.22447
       8.5    5.43331     5.4126    45.0078     45.142   -7.12237   -6.38517
    8.5625    4.98715    5.01212    45.3335    45.4678   -7.12005   -6.40705
     8.625    4.54763    4.61461    45.6314    45.7686   -6.90981   -6.29013
    8.6875    4.12775    4.22875    45.9023    46.0448   -6.49165    -6.0344
      8.75    3.74051     3.8632     46.148    46.2976   -5.86557   -5.63987
    8.8125    3.39889    3.52666    46.3708    46.5283   -5.03157   -5.10652
     8.875    3.11589    3.22778    46.5741    46.7392   -3.98965   -4.43437
    8.9375    2.90451    2.97525    46.7618    46.9328   -2.73981   -3.62341
         9    2.77775    2.77775    46.9389    47.1122   -1.28205   -2.67364
    9.0625    2.72082    2.64183    47.1105    47.2813  -0.547492   -1.68631
     9.125    2.70832    2.56563    47.2799    47.4437   0.139672  -0.762688
    9.1875    2.73729    2.54517    47.4499    47.6031   0.779445   0.097239
      9.25    2.80477    2.57646    47.6229    47.7629    1.37183   0.893468
    9.3125    2.90778    2.65552    47.8012    47.9262    1.91682      1.626
     9.375    3.04338    2.77838    47.9871    48.0958    2.41442    2.29483
    9.4375     3.2086    2.94105    48.1823    48.2743    2.86463    2.89997
       9.5    3.40047    3.13955    48.3887    48.4642    3.26745     3.4414
    9.5625    3.61604     3.3699    48.6078    48.6674    3.62288    3.91914
     9.625    3.85235    3.62812    48.8411     48.886    3.93092    4.33318
    9.6875    4.10642    3.91022    49.0898    49.1214    4.19157    4.68352
      9.75    4.37531    4.21223    49.3547    49.3752    4.40483    4.97016
    9.8125    4.65604    4.53016    49.6369    49.6483    4.57069    5.19311
     9.875    4.94565    4.86004    49.9369    49.9417    4.68917    5.35235
    9.9375     5.2412    5.19788    50.2552     50.256    4.76026     5.4479
        10     5.5397     5.5397    50.5921    50.5915    4.78395    5.47975
