      -5.1  -0.144335   0.337097  0.0121398 
    -4.975   -0.18575   0.324672   0.055229 
     -4.85  -0.225284   0.307006  0.0986837 
    -4.725  -0.262289   0.284232   0.141979 
      -4.6  -0.296138   0.256553   0.184593 
    -4.475  -0.326234   0.224244   0.226014 
     -4.35   -0.35202   0.187647   0.265746 
    -4.225  -0.372984   0.147168   0.303319 
      -4.1   -0.38867   0.103273   0.338292 
    -3.975  -0.398682   0.056479   0.370264 
     -3.85  -0.402692 0.00735018   0.398874 
    -3.725  -0.400447 -0.0435097   0.423808 
      -3.6  -0.391769 -0.0954655   0.444805 
    -3.475  -0.376562  -0.147859   0.461661 
     -3.35  -0.354814  -0.200018   0.474228 
    -3.225  -0.326596  -0.251263   0.482418 
      -3.1  -0.292064  -0.300921   0.486207 
    -2.975  -0.251459   -0.34833   0.485631 
     -2.85  -0.205102  -0.392849   0.480786 
    -2.725  -0.153393  -0.433868   0.471829 
      -2.6  -0.096805  -0.470818   0.458973 
    -2.475   -0.03588  -0.503174   0.442486 
     -2.35  0.0287776  -0.530467   0.422684 
    -2.225  0.0965087  -0.552287   0.399929 
      -2.1   0.166607  -0.568292   0.374624 
    -1.975   0.238328  -0.578211   0.347202 
     -1.85   0.310898  -0.581849   0.318128 
    -1.725   0.383524   -0.57909   0.287885 
      -1.6   0.455402  -0.569896   0.256968 
    -1.475   0.525731  -0.554314   0.225881 
     -1.35    0.59372   -0.53247   0.195125 
    -1.225   0.658597  -0.504572   0.165194 
      -1.1   0.719622  -0.470902   0.136564 
    -0.975   0.776096  -0.431821    0.10969 
     -0.85   0.827369  -0.387755  0.0849962 
    -0.725   0.872848  -0.339199  0.0628721 
      -0.6   0.912005  -0.286701  0.0436651 
    -0.475   0.944384  -0.230864  0.0276766 
     -0.35   0.969609  -0.172334  0.0151568 
    -0.225   0.987384   -0.11179 0.00630147 
      -0.1   0.997502 -0.0499375 0.00124896 
     0.025   0.999844   0.012499 7.81209e-05 
      0.15   0.994383  0.0747893 0.00280723 
     0.275   0.981183   0.136204 0.00939369 
       0.4   0.960398   0.196027  0.0197347 
     0.525   0.932272   0.253559  0.0336686 
      0.65   0.897132   0.308135  0.0509774 
     0.775   0.855387   0.359126  0.0713901 
       0.9   0.807524    0.40595  0.0945863 
     1.025   0.754096   0.448077   0.120201 
      1.15    0.69572   0.485041    0.14783 
     1.275   0.633067   0.516441   0.177037 
       1.4   0.566855   0.541948   0.207356 
     1.525   0.497837   0.561307   0.238304 
      1.65   0.426792   0.574344   0.269383 
     1.775   0.354518   0.580965   0.300091 
       1.9   0.281819   0.581157   0.329926 
     2.025   0.209494   0.574988   0.358396 
      2.15    0.13833   0.562607   0.385025 
     2.275  0.0690917   0.544239    0.40936 
       2.4 0.00250768   0.520185    0.43098 
     2.525  -0.060733   0.490815   0.449497 
      2.65  -0.119992   0.456561   0.464567 
     2.775   -0.17469   0.417918   0.475892 
       2.9  -0.224312   0.375427   0.483227 
     3.025  -0.268411   0.329678    0.48638 
      3.15  -0.306621   0.281291   0.485219 
     3.275  -0.338651   0.230918    0.47967 
       3.4  -0.364296   0.179226   0.469723 
     3.525  -0.383431   0.126892   0.455427 
      3.65   -0.39602  0.0745934   0.436893 
     3.775  -0.402109  0.0229981   0.414293 
       3.9  -0.401826  -0.027244   0.387855 
     4.025   -0.39538 -0.0755094    0.35786 
      4.15  -0.383056  -0.121209   0.324641 
     4.275  -0.365208  -0.163797   0.288577 
       4.4  -0.342257  -0.202776   0.250086 
     4.525  -0.314683  -0.237703   0.209621 
      4.65  -0.283016  -0.268197   0.167662 
     4.775  -0.247831  -0.293943   0.124714 
       4.9  -0.209738  -0.314695  0.0812915 
     5.025  -0.169373  -0.330276  0.0379201 
