         1          1          1          0          0    2.57143    2.57143 
    1.0625    1.16082    1.16082   0.067524   0.067524    2.57645    2.57645 
     1.125    1.32227    1.32227   0.145115   0.145115    2.59152    2.59152 
    1.1875    1.48497    1.48497   0.232833   0.232833    2.61663    2.61663 
      1.25    1.64955    1.64955   0.330776   0.330776    2.65179    2.65179 
    1.3125    1.81665    1.81665    0.43908    0.43908    2.69699    2.69699 
     1.375    1.98689    1.98689   0.557922   0.557922    2.75223    2.75223 
    1.4375    2.16089    2.16089   0.687519   0.687519    2.81752    2.81752 
       1.5    2.33929    2.33929   0.828125   0.828125    2.89286    2.89286 
    1.5625    2.52271    2.52271   0.980034   0.980034    2.97824    2.97824 
     1.625    2.71177    2.71177    1.14358    1.14358    3.07366    3.07366 
    1.6875    2.90712    2.90712    1.31914    1.31914    3.17913    3.17913 
      1.75    3.10938    3.10938    1.50711    1.50711    3.29464    3.29464 
    1.8125    3.31916    3.31916    1.70797    1.70797     3.4202     3.4202 
     1.875    3.53711    3.53711    1.92218    1.92218     3.5558     3.5558 
    1.9375    3.76385    3.76385    2.15029    2.15029    3.70145    3.70145 
         2          4          4    2.39286    2.39286    3.85714    3.85714 
    2.0625     4.2462    4.24606     2.6505    2.65049    4.02288    4.01618 
     2.125    4.50307    4.50195    2.92385    2.92382    4.19866    4.17188 
    2.1875    4.77124    4.76747    3.21362    3.21344    4.38449    4.32422 
      2.25    5.05134    5.04241    3.52051    3.51995    4.58036    4.47321 
    2.3125    5.34399    5.32656    3.84529    3.84393    4.78627    4.61886 
     2.375    5.64983     5.6197    4.18878    4.18596    5.00223    4.76116 
    2.4375    5.96948    5.92163    4.55181    4.54658    5.22824    4.90011 
       2.5    6.30357    6.23214    4.93527    4.92634    5.46429    5.03571 
    2.5625    6.65273    6.55103    5.34007    5.32577    5.71038    5.16797 
     2.625    7.01758    6.87807    5.76719    5.74539    5.96652    5.29688 
    2.6875    7.39875    7.21307    6.21761    6.18569     6.2327    5.42243 
      2.75    7.79688     7.5558    6.69238    6.64718    6.50893    5.54464 
    2.8125    8.21258    7.90608    7.19258    7.13033     6.7952     5.6635 
     2.875    8.64648    8.26367    7.71933    7.63559    7.09152    5.77902 
    2.9375    9.09923    8.62838    8.27379    8.16343    7.39788    5.89118 
         3    9.57143          9    8.85714    8.71429    7.71429          6 
    3.0625    10.0637    9.37838    9.47064    9.28857    8.04074    6.10882 
     3.125    10.5767    9.76367    10.1155    9.88673    8.37723    6.22098 
    3.1875    11.1111    10.1561    10.7932    10.5092    8.72377     6.3365 
      3.25    11.6674    10.5558    11.5049    11.1564    9.08036    6.45536 
    3.3125    12.2463    10.9631    12.2521    11.8288    9.44699    6.57757 
     3.375    12.8485    11.3781    13.0362    12.5269    9.82366    6.70312 
    3.4375    13.4745     11.801    13.8586    13.2512    10.2104    6.83203 
       3.5     14.125    12.2321     14.721    14.0022    10.6071    6.96429 
    3.5625    14.8006    12.6716    15.6248    14.7804     11.014    7.09989 
     3.625     15.502    13.1197    16.5716    15.5864    11.4308    7.23884 
    3.6875    16.2297    13.5766    17.5631    16.4206    11.8577    7.38114 
      3.75    16.9844    14.0424    18.6009    17.2836    12.2946    7.52679 
    3.8125    17.7667    14.5175    19.6867    18.1761    12.7416    7.67578 
     3.875    18.5773     15.002    20.8223    19.0985    13.1987    7.82812 
    3.9375    19.4167    15.4961    22.0095    20.0515    13.6657    7.98382 
         4    20.2857         16      23.25    21.0357    14.1429    8.14286 
    4.0625    21.1848    16.5138    24.5458    22.0517      14.63    8.29855 
     4.125    22.1147    17.0371    25.8987    23.1001    15.1272     8.4442 
    4.1875    23.0759    17.5692    27.3108    24.1815    15.6345     8.5798 
      4.25    24.0692    18.1094    28.7839    25.2965    16.1518    8.70536 
    4.3125    25.0951    18.6571    30.3201    26.4454    16.6791    8.82087 
     4.375    26.1543    19.2118    31.9215    27.6287    17.2165    8.92634 
    4.4375    27.2474    19.7727    33.5901     28.847     17.764    9.02176 
       4.5     28.375    20.3393    35.3281    30.1004    18.3214    9.10714 
    4.5625    29.5378    20.9109    37.1377    31.3895     18.889    9.18248 
     4.625    30.7363    21.4869    39.0211    32.7144    19.4665    9.24777 
    4.6875    31.9713    22.0667    40.9805    34.0754    20.0541    9.30301 
      4.75    33.2433    22.6496    43.0183    35.4728    20.6518    9.34821 
    4.8125     34.553     23.235    45.1367    36.9067    21.2595    9.38337 
     4.875    35.9009    23.8223    47.3382    38.3772    21.8772    9.40848 
    4.9375    37.2878    24.4108    49.6251    39.8845     22.505    9.42355 
         5    38.7143         25         52    41.4286    23.1429    9.42857 
