-1 0.355576 
-0.984375 0.356221 
-0.96875 0.35409 
-0.953125 0.349107 
-0.9375 0.341211 
-0.921875 0.330353 
-0.90625 0.316498 
-0.890625 0.299625 
-0.875 0.279734 
-0.859375 0.256841 
-0.84375 0.230979 
-0.828125 0.202206 
-0.8125 0.170599 
-0.796875 0.13626 
-0.78125 0.0993131 
-0.765625 0.0599087 
-0.75 0.0182217 
-0.734375 -0.025547 
-0.71875 -0.0711704 
-0.703125 -0.118396 
-0.6875 -0.166945 
-0.671875 -0.216516 
-0.65625 -0.266782 
-0.640625 -0.317394 
-0.625 -0.367984 
-0.609375 -0.418166 
-0.59375 -0.467538 
-0.578125 -0.515685 
-0.5625 -0.562185 
-0.546875 -0.60661 
-0.53125 -0.648531 
-0.515625 -0.687521 
-0.5 -0.723164 
-0.484375 -0.755053 
-0.46875 -0.782801 
-0.453125 -0.806042 
-0.4375 -0.824438 
-0.421875 -0.837684 
-0.40625 -0.845508 
-0.390625 -0.847685 
-0.375 -0.844029 
-0.359375 -0.834407 
-0.34375 -0.818737 
-0.328125 -0.79699 
-0.3125 -0.769195 
-0.296875 -0.735439 
-0.28125 -0.695866 
-0.265625 -0.65068 
-0.25 -0.600142 
-0.234375 -0.544568 
-0.21875 -0.48433 
-0.203125 -0.419847 
-0.1875 -0.351586 
-0.171875 -0.280058 
-0.15625 -0.205808 
-0.140625 -0.129413 
-0.125 -0.0514768 
-0.109375 0.0273795 
-0.09375 0.106522 
-0.078125 0.185313 
-0.0625 0.263115 
-0.046875 0.339301 
-0.03125 0.413258 
-0.015625 0.484396 
0 0.552153 
0.015625 0.616004 
0.03125 0.67546 
0.046875 0.730079 
0.0625 0.779467 
0.078125 0.823281 
0.09375 0.861236 
0.109375 0.8931 
0.125 0.918702 
0.140625 0.937928 
0.15625 0.950725 
0.171875 0.957096 
0.1875 0.957099 
0.203125 0.950849 
0.21875 0.93851 
0.234375 0.920294 
0.25 0.896459 
0.265625 0.867301 
0.28125 0.833155 
0.296875 0.794385 
0.3125 0.751384 
0.328125 0.704565 
0.34375 0.654361 
0.359375 0.601216 
0.375 0.545583 
0.390625 0.48792 
0.40625 0.428683 
0.421875 0.368327 
0.4375 0.307297 
0.453125 0.246028 
0.46875 0.184942 
0.484375 0.124445 
0.5 0.0649236 
0.515625 0.00674502 
0.53125 -0.049746 
0.546875 -0.104228 
0.5625 -0.156403 
0.578125 -0.205998 
0.59375 -0.252767 
0.609375 -0.296488 
0.625 -0.336965 
0.640625 -0.374027 
0.65625 -0.407529 
0.671875 -0.437351 
0.6875 -0.463398 
0.703125 -0.485596 
0.71875 -0.503897 
0.734375 -0.518275 
0.75 -0.528723 
0.765625 -0.535257 
0.78125 -0.537914 
0.796875 -0.536747 
0.8125 -0.53183 
0.828125 -0.523253 
0.84375 -0.511123 
0.859375 -0.495561 
0.875 -0.476706 
0.890625 -0.454709 
0.90625 -0.429732 
0.921875 -0.401951 
0.9375 -0.371554 
0.953125 -0.338735 
0.96875 -0.3037 
0.984375 -0.266661 
