0 0 0 0
0.047619 0.0459954 -0.0909634 0.133899 
0.0952381 0.0909634 -0.173844 0.241278 
0.142857 0.133899 -0.241278 0.300869 
0.190476 0.173844 -0.287274 0.300869 
0.238095 0.209906 -0.307744 0.241278 
0.285714 0.241278 -0.300869 0.133899 
0.333333 0.267261 -0.267261 -1.31061e-09 
0.380952 0.287274 -0.209906 -0.133899 
0.428571 0.300869 -0.133899 -0.241278 
0.47619 0.307744 -0.0459954 -0.300869 
0.52381 0.307744 0.0459954 -0.300869 
0.571429 0.300869 0.133899 -0.241278 
0.619048 0.287274 0.209906 -0.133899 
0.666667 0.267261 0.267261 -6.23235e-10 
0.714286 0.241278 0.300869 0.133899 
0.761905 0.209906 0.307744 0.241278 
0.809524 0.173844 0.287274 0.300869 
0.857143 0.133899 0.241278 0.300869 
0.904762 0.0909634 0.173844 0.241278 
0.952381 0.0459954 0.0909634 0.133899 
1 0 0 0
