0 1 0 
0.0633686 0.997992 -0.0633686 
0.123922 0.992325 -0.123685 
0.182781 0.983327 -0.181877 
0.240603 0.971166 -0.238432 
0.297788 0.955943 -0.293578 
0.354578 0.93773 -0.347392 
0.411122 0.916588 -0.39986 
0.467514 0.892582 -0.450912 
0.52381 0.865783 -0.500446 
0.580046 0.836271 -0.548343 
0.636245 0.804134 -0.594475 
0.692421 0.76947 -0.63871 
0.748582 0.732385 -0.680917 
0.804734 0.692996 -0.720969 
0.860881 0.651423 -0.758741 
0.917024 0.607799 -0.794119 
0.973165 0.562258 -0.826989 
1.0293 0.514946 -0.857251 
1.08544 0.46601 -0.884808 
1.14158 0.415604 -0.909575 
1.19772 0.363888 -0.931473 
1.25386 0.311024 -0.950433 
1.30999 0.257179 -0.966395 
1.36613 0.202524 -0.97931 
1.42227 0.147229 -0.989136 
1.4784 0.0914699 -0.995842 
1.53454 0.0354223 -0.999408 
1.59068 -0.0207371 -0.999822 
1.64681 -0.0768313 -0.997082 
1.70295 -0.132683 -0.991198 
1.75909 -0.188117 -0.982188 
1.81522 -0.242957 -0.97008 
1.87136 -0.297031 -0.954913 
1.9275 -0.350169 -0.936734 
1.98363 -0.402202 -0.9156 
2.03977 -0.452967 -0.891579 
2.09591 -0.502304 -0.864746 
2.15204 -0.550056 -0.835186 
2.20818 -0.596074 -0.802992 
2.26432 -0.640212 -0.768265 
2.32045 -0.682331 -0.731115 
2.37659 -0.722298 -0.69166 
2.43273 -0.759988 -0.650023 
2.48886 -0.79528 -0.606335 
2.545 -0.828064 -0.560736 
2.60114 -0.858237 -0.513368 
2.65727 -0.885704 -0.464381 
2.71341 -0.910377 -0.413929 
2.76955 -0.932179 -0.362171 
2.82568 -0.951041 -0.309271 
2.88182 -0.966904 -0.255396 
2.93795 -0.979717 -0.200715 
2.99409 -0.989441 -0.145402 
3.05023 -0.996044 -0.0896289 
3.10636 -0.999506 -0.0335736 
3.1625 -0.999816 0.0225878 
3.21864 -0.996973 0.0786781 
3.27477 -0.990985 0.13452 
3.33091 -0.981873 0.189938 
3.38704 -0.969663 0.244758 
3.44318 -0.954395 0.298805 
3.49932 -0.936118 0.35191 
3.55545 -0.914888 0.403906 
3.61159 -0.890773 0.454627 
3.66772 -0.863849 0.503916 
3.72386 -0.8342 0.551614 
3.78 -0.80192 0.597574 
3.83613 -0.767111 0.641649 
3.89227 -0.729883 0.6837 
3.9484 -0.690353 0.723596 
4.00454 -0.648645 0.761209 
4.06067 -0.604892 0.796422 
4.11681 -0.559231 0.829123 
4.17295 -0.511807 0.85921 
4.22908 -0.462768 0.886587 
4.28522 -0.41227 0.911167 
4.34135 -0.360471 0.932875 
4.39749 -0.307536 0.95164 
4.45362 -0.25363 0.967405 
4.50976 -0.198925 0.980118 
4.5659 -0.143592 0.989741 
4.62203 -0.0878058 0.996242 
4.67817 -0.0317429 0.999601 
4.7343 0.0244203 0.999808 
4.79044 0.0805065 0.996862 
4.84657 0.136339 0.990772 
4.90271 0.191742 0.981557 
4.95884 0.24654 0.969247 
5.01498 0.30056 0.953881 
5.07112 0.353633 0.935506 
5.12725 0.405591 0.91418 
5.18339 0.45627 0.889972 
5.23952 0.50551 0.862957 
5.29566 0.553156 0.83322 
5.35179 0.599057 0.800856 
5.40793 0.643069 0.765966 
5.46406 0.685054 0.72866 
5.5202 0.724878 0.689056 
5.57633 0.762416 0.64728 
5.63247 0.79755 0.603461 
5.6886 0.830169 0.55774 
5.74474 0.86017 0.51026 
5.80087 0.887458 0.46117 
5.85701 0.911948 0.410626 
5.91314 0.933561 0.358787 
5.96928 0.952231 0.305816 
6 0.961177 0.276418 
