     -5.01  0.0066709  0.0066709
    -4.885 0.00755912 0.00755912
     -4.76 0.00856561 0.00856561
    -4.635 0.00970611 0.00970611
     -4.51  0.0109985  0.0109985
    -4.385  0.0124629  0.0124629
     -4.26  0.0141223  0.0141223
    -4.135  0.0160027  0.0160027
     -4.01  0.0181334  0.0181334
    -3.885  0.0205478  0.0205478
     -3.76  0.0232837  0.0232837
    -3.635  0.0263839  0.0263839
     -3.51  0.0298969  0.0298969
    -3.385  0.0338776  0.0338776
     -3.26  0.0383884  0.0383884
    -3.135  0.0434998  0.0434998
     -3.01  0.0492917  0.0492917
    -2.885  0.0558548  0.0558548
     -2.76  0.0632918  0.0632918
    -2.635   0.071719   0.071719
     -2.51  0.0812682  0.0812682
    -2.385   0.092089   0.092089
     -2.26    0.10435    0.10435
    -2.135   0.118245   0.118245
     -2.01   0.133989   0.133989
    -1.885   0.151829   0.151829
     -1.76   0.172045   0.172045
    -1.635   0.194952   0.194952
     -1.51    0.22091    0.22091
    -1.385   0.250324   0.250324
     -1.26   0.283654   0.283654
    -1.135   0.321422   0.321422
     -1.01   0.364219   0.364219
    -0.885   0.412714   0.412714
     -0.76   0.467666   0.467666
    -0.635   0.529935   0.529935
     -0.51   0.600496   0.600496
    -0.385   0.680451   0.680451
     -0.26   0.771052   0.771052
    -0.135   0.873716   0.873716
     -0.01    0.99005    0.99005
     0.115    1.12187    1.12187
      0.24    1.27125    1.27125
     0.365    1.44051    1.44051
      0.49    1.63232    1.63232
     0.615    1.84966    1.84966
      0.74    2.09594    2.09594
     0.865    2.37501    2.37501
      0.99    2.69123    2.69123
     1.115    3.04957    3.04957
      1.24    3.45561    3.45561
     1.365    3.91572    3.91572
      1.49     4.4371     4.4371
     1.615    5.02789    5.02789
      1.74    5.69734    5.69734
     1.865    6.45594    6.45594
      1.99    7.31553    7.31553
     2.115    8.28959    8.28959
      2.24    9.39333    9.39333
     2.365     10.644     10.644
      2.49    12.0613    12.0613
     2.615    13.6672    13.6672
      2.74     15.487     15.487
     2.865    17.5491    17.5491
      2.99    19.8857    19.8857
     3.115    22.5334    22.5334
      3.24    25.5337    25.5337
     3.365    28.9335    28.9335
      3.49    32.7859    32.7859
     3.615    37.1513    37.1513
      3.74     42.098     42.098
     3.865    47.7033    47.7033
      3.99    54.0549    54.0549
     4.115    61.2522    61.2522
      4.24    69.4079    69.4079
     4.365    78.6494    78.6494
      4.49    89.1214    89.1214
     4.615    100.988    100.988
      4.74    114.434    114.434
     4.865    129.671    129.671
      4.99    146.936    146.936
