0.725973 0.725973 9.98469 
0.725973 1.83494 5.03509 
0.725973 1.89593 1.83494 
0.725973 2.81574 0.725973 
0.725973 2.96881 2.81574 
0.725973 5.03509 1.89593 
0.725973 5.90391 5.90391 
0.725973 6.54731 9.49912 
0.725973 9.49912 2.96881 
0.725973 9.98469 6.54731 

1.83494 0.725973 4.7361 
1.83494 1.83494 7.47739 
1.83494 1.89593 5.74449 
1.83494 2.81574 6.30478 
1.83494 2.96881 9.44572 
1.83494 5.03509 9.47749 
1.83494 5.90391 7.52375 
1.83494 6.54731 4.83975 
1.83494 9.49912 1.69619 
1.83494 9.98469 7.29936 

1.89593 0.725973 0.558501 
1.89593 1.83494 9.74348 
1.89593 1.89593 6.32155 
1.89593 2.81574 9.26503 
1.89593 2.96881 3.86987 
1.89593 5.03509 5.46931 
1.89593 5.90391 9.48321 
1.89593 6.54731 7.49435 
1.89593 9.49912 1.69791 
1.89593 9.98469 2.94788 

2.81574 0.725973 8.61866 
2.81574 1.83494 1.6826 
2.81574 1.89593 7.98297 
2.81574 2.81574 0.453602 
2.81574 2.96881 2.40857 
2.81574 5.03509 0.798703 
2.81574 5.90391 2.34954 
2.81574 6.54731 8.31248 
2.81574 9.49912 0.297826 
2.81574 9.98469 5.31835 

2.96881 0.725973 4.8598 
2.96881 1.83494 5.03393 
2.96881 1.89593 2.79573 
2.96881 2.81574 0.604283 
2.96881 2.96881 1.33871 
2.96881 5.03509 2.24145 
2.96881 5.90391 0.0817723 
2.96881 6.54731 8.86246 
2.96881 9.49912 7.0812 
2.96881 9.98469 1.77796 

5.03509 0.725973 6.16182 
5.03509 1.83494 7.6397 
5.03509 1.89593 1.52144 
5.03509 2.81574 2.48337 
5.03509 2.96881 6.90473 
5.03509 5.03509 5.3913 
5.03509 5.90391 7.95268 
5.03509 6.54731 6.38794 
5.03509 9.49912 2.88566 
5.03509 9.98469 9.65059 

5.90391 0.725973 9.33581 
5.90391 1.83494 1.50431 
5.90391 1.89593 1.33319 
5.90391 2.81574 7.31878 
5.90391 2.96881 1.95792 
5.90391 5.03509 3.74177 
5.90391 5.90391 8.11748 
5.90391 6.54731 4.30745 
5.90391 9.49912 2.05425 
5.90391 9.98469 8.41531 

6.54731 0.725973 9.6258 
6.54731 1.83494 6.91405 
6.54731 1.89593 3.44924 
6.54731 2.81574 2.42153 
6.54731 2.96881 7.51833 
6.54731 5.03509 4.78795 
6.54731 5.90391 4.66298 
6.54731 6.54731 7.6001 
6.54731 9.49912 3.65041 
6.54731 9.98469 1.74418 

9.49912 0.725973 9.37806 
9.49912 1.83494 9.81222 
9.49912 1.89593 9.38388 
9.49912 2.81574 0.899498 
9.49912 2.96881 2.29559 
9.49912 5.03509 6.28861 
9.49912 5.90391 6.2908 
9.49912 6.54731 0.248272 
9.49912 9.49912 2.67655 
9.49912 9.98469 9.17646 

9.98469 0.725973 9.89886 
9.98469 1.83494 2.01236 
9.98469 1.89593 0.680773 
9.98469 2.81574 1.23206 
9.98469 2.96881 9.33115 
9.98469 5.03509 2.63869 
9.98469 5.90391 4.97382 
9.98469 6.54731 7.44863 
9.98469 9.49912 6.94614 
9.98469 9.98469 7.02807 

