1 838.311 8684.65 41134.5 89061.3 
2 34206.2 5.70132e+06 4.1066e+07 4.59772e+07 
3 163622 5.10418e+07 4.56245e+07 3.68904e+07 
4 370815 5.12543e+07 3.86835e+07 2.90779e+07 
5 5.70608e+07 4.04495e+07 2.83143e+07 1.98164e+07 
6 5.34642e+07 3.48405e+07 2.2703e+07 1.47956e+07 
7 4.94603e+07 3.00232e+07 1.82175e+07 1.10567e+07 
8 4.58279e+07 2.58962e+07 1.46322e+07 8.2716e+06 
9 4.24708e+07 2.23527e+07 1.17628e+07 6.1942e+06 
10 3.93986e+07 1.93046e+07 9.46148e+06 4.64187e+06 
11 3.65533e+07 1.66803e+07 7.61458e+06 3.48113e+06 
12 3.39361e+07 1.44179e+07 6.1313e+06 2.61274e+06 
13 3.15128e+07 1.2466e+07 4.93931e+06 1.96291e+06 
14 2.92672e+07 1.07814e+07 3.9812e+06 1.47678e+06 
15 2.7175e+07 9.32761e+06 3.2104e+06 1.11312e+06 
16 2.52551e+07 8.07109e+06 2.58897e+06 840915 
17 2.34618e+07 6.9852e+06 2.08874e+06 633220 
18 2.18114e+07 6.04615e+06 1.68609e+06 477420 
19 2.02715e+07 5.2347e+06 1.36238e+06 361093 
20 1.88217e+07 4.53393e+06 1.10246e+06 274577 
21 1.75104e+07 3.92651e+06 893449 210403 
22 1.62819e+07 3.40154e+06 725175 163000 
23 1.51389e+07 2.94761e+06 586261 127685 
24 1.40785e+07 2.55496e+06 474860 96474.9 
25 1.30923e+07 2.21544e+06 385808 73374.1 
26 1.21741e+07 1.9208e+06 314694 56413.7 
27 1.13254e+07 1.66505e+06 258134 44100.6 
28 1.05307e+07 1.44396e+06 213473 35283 
29 9.79169e+06 1.25305e+06 174029 28600.1 
30 9.10226e+06 1.08851e+06 141307 24017.8 
31 8.47283e+06 945910 115533 21222.3 
32 7.88771e+06 822791 95478 19798.6 
33 7.33717e+06 714296 79884.8 15856.5 
34 6.82788e+06 619935 68111 12899.3 
35 6.35106e+06 539079 59558.9 10917.2 
36 5.91284e+06 469517 51396.5 9063.2 
37 5.50252e+06 410193 41643.6 6884.8 
38 5.12126e+06 359526 34201.7 5425.69 
39 4.76683e+06 312096 28188.7 4399.62 
40 4.43659e+06 271160 23856 3767.62 
41 4.12994e+06 236588 20920.9 3391.5 
42 3.8442e+06 207657 19082.2 3168.97 
43 3.57808e+06 183440 18090.6 3046.37 
44 3.33037e+06 163321 17755.7 3012.05 
45 3.10024e+06 141026 18769.9 3225.66 
46 2.88587e+06 122582 16982 2995.99 
47 2.68636e+06 107645 13874.3 2598.13 
48 2.50072e+06 95713 11696.6 2412.85 
49 2.32823e+06 86344.5 10203.7 2336.76 
50 2.16744e+06 79168.2 9215.95 2298.85 
51 2.01787e+06 68530.8 7657.46 2405.13 
52 1.87869e+06 59161 6569.49 2600.73 
53 1.74954e+06 52034.3 5981.3 2698.06 
54 1.62963e+06 46800.2 5693.69 2656.6 
55 1.51772e+06 43181.5 5550.32 2539.18 
56 1.41318e+06 40999.8 5444.64 2414.83 
57 1.31526e+06 40166.3 5347.21 2302.61 
58 1.22564e+06 33628.1 5598.42 2093.1 
59 1.1422e+06 28758.3 6508.73 2013.97 
60 1.06335e+06 25281.9 7803.87 2408.26 
61 989977 23079 8901.95 3043.01 
62 922992 21981.7 9192.61 3425.34 
63 859655 21916.7 8396.24 3231.09 
64 800571 22904.6 6860.71 2609.74 
65 747389 23963.9 5809.26 2249.1 
66 695218 19568.9 8606.49 4191.66 
67 648635 16510.1 11717 7074.73 
68 603944 14319.8 10115.2 6140.58 
69 563666 13037 9422.71 5954.54 
70 524925 12513.1 9478.57 6437.3 
71 489759 12758.6 10365.9 7791.89 
72 456808 13829.3 12309.1 10488.1 
73 426510 15808 8446.97 6728.25 
74 397483 19120.3 5257.7 3626.83 
75 371481 17798.1 5525.37 4221.43 
76 345420 14758.6 7992.5 7594.49 
77 323882 12782.3 12118.4 13665.6 
78 300934 10989.6 12744.1 11072.1 
79 281133 9910.73 11844.7 13362.2 
80 262448 9319.16 11607.8 13090.8 
81 244801 9279.9 12181.5 9785.91 
82 230830 9690.45 13494 6564.17 
83 213728 11232.4 11049.4 11815.2 
84 199740 13605.5 5949.23 8502.54 
85 188674 16378.4 6427.72 9864 
86 174671 22849.4 12474.1 6372.8 
87 162961 21093.6 11658.1 7021.35 
88 154200 19477 10877.5 8008.92 
89 143847 17306.3 9419.03 12833.1 
90 133432 15188.8 7949.45 15882.9 
91 125024 13774 7192.17 14997.8 
92 118713 12999 7005.52 15274.1 
93 111576 12021.1 6707.9 15291.1 
94 102909 10869.6 6597.55 15716.5 
95 96161.4 10446.3 6729.94 16719.3 
96 91032 10500 6828.96 17670.5 
97 85395.7 11018.4 7396.7 18040.8 
98 82135.4 11565.3 8531.1 8828.75 
99 76287.9 13799.9 13042.5 11686.2 
