1 6.96061 208.162 1619.61 5981.92 
2 287.389 153305 3.24948e+06 9.63033e+06 
3 1375.15 3.63035e+06 1.42864e+07 2.30932e+07 
4 3116.83 8.53474e+06 2.13109e+07 3.09213e+07 
5 2.20357e+06 1.95411e+07 3.16855e+07 4.01836e+07 
6 6.52919e+06 2.51594e+07 3.7297e+07 4.52044e+07 
7 1.05142e+07 2.99767e+07 4.17825e+07 4.89433e+07 
8 1.41588e+07 3.41038e+07 4.53678e+07 5.17284e+07 
9 1.7505e+07 3.76473e+07 4.82372e+07 5.38058e+07 
10 2.05854e+07 4.06954e+07 5.05385e+07 5.53581e+07 
11 2.34269e+07 4.33198e+07 5.23854e+07 5.65189e+07 
12 2.60509e+07 4.55821e+07 5.38687e+07 5.73873e+07 
13 2.8478e+07 4.7534e+07 5.50607e+07 5.80371e+07 
14 3.07245e+07 4.92186e+07 5.60188e+07 5.85232e+07 
15 3.28053e+07 5.06724e+07 5.67896e+07 5.88869e+07 
16 3.47336e+07 5.19289e+07 5.7411e+07 5.91591e+07 
17 3.65215e+07 5.30148e+07 5.79113e+07 5.93668e+07 
18 3.81799e+07 5.39539e+07 5.83139e+07 5.95226e+07 
19 3.97186e+07 5.47653e+07 5.86376e+07 5.96389e+07 
20 4.1147e+07 5.54661e+07 5.88976e+07 5.97254e+07 
21 4.24727e+07 5.60735e+07 5.91066e+07 5.97896e+07 
22 4.37039e+07 5.65985e+07 5.92748e+07 5.9837e+07 
23 4.48474e+07 5.70524e+07 5.94137e+07 5.98723e+07 
24 4.59095e+07 5.7445e+07 5.95251e+07 5.99035e+07 
25 4.68964e+07 5.77845e+07 5.96142e+07 5.99266e+07 
26 4.78131e+07 5.80792e+07 5.96853e+07 5.99436e+07 
27 4.86652e+07 5.83349e+07 5.97419e+07 5.99559e+07 
28 4.94567e+07 5.8556e+07 5.97865e+07 5.99647e+07 
29 5.01926e+07 5.87469e+07 5.98259e+07 5.99714e+07 
30 5.08766e+07 5.89114e+07 5.98586e+07 5.99759e+07 
31 5.15126e+07 5.9054e+07 5.98844e+07 5.99787e+07 
32 5.2104e+07 5.91771e+07 5.99045e+07 5.99801e+07 
33 5.26534e+07 5.92856e+07 5.992e+07 5.9984e+07 
34 5.31644e+07 5.93799e+07 5.99318e+07 5.9987e+07 
35 5.36391e+07 5.94607e+07 5.99403e+07 5.99889e+07 
36 5.40814e+07 5.95303e+07 5.99485e+07 5.99908e+07 
37 5.44923e+07 5.95896e+07 5.99582e+07 5.9993e+07 
38 5.48744e+07 5.96403e+07 5.99656e+07 5.99944e+07 
39 5.52303e+07 5.96878e+07 5.99717e+07 5.99955e+07 
40 5.55603e+07 5.97286e+07 5.9976e+07 5.99961e+07 
41 5.58682e+07 5.97633e+07 5.9979e+07 5.99965e+07 
42 5.61541e+07 5.97922e+07 5.99808e+07 5.99967e+07 
43 5.64208e+07 5.98164e+07 5.99818e+07 5.99969e+07 
44 5.66691e+07 5.98366e+07 5.99822e+07 5.99969e+07 
45 5.68993e+07 5.98589e+07 5.99812e+07 5.99967e+07 
46 5.71138e+07 5.98774e+07 5.9983e+07 5.9997e+07 
47 5.73134e+07 5.98923e+07 5.99861e+07 5.99974e+07 
48 5.74991e+07 5.99043e+07 5.99883e+07 5.99976e+07 
49 5.76717e+07 5.99136e+07 5.99898e+07 5.99976e+07 
50 5.78325e+07 5.99208e+07 5.99908e+07 5.99977e+07 
51 5.79821e+07 5.99315e+07 5.99923e+07 5.99976e+07 
52 5.81213e+07 5.99408e+07 5.99934e+07 5.99974e+07 
53 5.82504e+07 5.9948e+07 5.9994e+07 5.99973e+07 
54 5.83704e+07 5.99532e+07 5.99943e+07 5.99973e+07 
55 5.84823e+07 5.99568e+07 5.99945e+07 5.99975e+07 
56 5.85868e+07 5.9959e+07 5.99946e+07 5.99976e+07 
57 5.86847e+07 5.99598e+07 5.99947e+07 5.99977e+07 
58 5.87744e+07 5.99664e+07 5.99944e+07 5.99979e+07 
59 5.88578e+07 5.99713e+07 5.99935e+07 5.9998e+07 
60 5.89367e+07 5.99747e+07 5.99922e+07 5.99976e+07 
61 5.901e+07 5.99769e+07 5.99911e+07 5.9997e+07 
62 5.9077e+07 5.9978e+07 5.99908e+07 5.99966e+07 
63 5.91404e+07 5.99781e+07 5.99916e+07 5.99968e+07 
64 5.91994e+07 5.99771e+07 5.99931e+07 5.99974e+07 
65 5.92526e+07 5.9976e+07 5.99942e+07 5.99978e+07 
66 5.93048e+07 5.99804e+07 5.99914e+07 5.99958e+07 
67 5.93514e+07 5.99835e+07 5.99883e+07 5.99929e+07 
68 5.93961e+07 5.99857e+07 5.99899e+07 5.99939e+07 
69 5.94363e+07 5.9987e+07 5.99906e+07 5.99941e+07 
70 5.94751e+07 5.99875e+07 5.99905e+07 5.99936e+07 
71 5.95103e+07 5.99873e+07 5.99896e+07 5.99922e+07 
72 5.95432e+07 5.99862e+07 5.99877e+07 5.99895e+07 
73 5.95735e+07 5.99842e+07 5.99916e+07 5.99933e+07 
74 5.96025e+07 5.99809e+07 5.99948e+07 5.99964e+07 
75 5.96285e+07 5.99822e+07 5.99945e+07 5.99958e+07 
76 5.96546e+07 5.99853e+07 5.9992e+07 5.99924e+07 
77 5.96761e+07 5.99872e+07 5.99879e+07 5.99863e+07 
78 5.96991e+07 5.9989e+07 5.99873e+07 5.99889e+07 
79 5.97189e+07 5.99901e+07 5.99882e+07 5.99866e+07 
80 5.97376e+07 5.99907e+07 5.99884e+07 5.99869e+07 
81 5.97552e+07 5.99907e+07 5.99878e+07 5.99902e+07 
82 5.97692e+07 5.99903e+07 5.99865e+07 5.99934e+07 
83 5.97863e+07 5.99888e+07 5.9989e+07 5.99882e+07 
84 5.98003e+07 5.99864e+07 5.99941e+07 5.99915e+07 
85 5.98113e+07 5.99836e+07 5.99936e+07 5.99901e+07 
86 5.98253e+07 5.99772e+07 5.99875e+07 5.99936e+07 
87 5.9837e+07 5.99789e+07 5.99884e+07 5.9993e+07 
88 5.98458e+07 5.99805e+07 5.99891e+07 5.9992e+07 
89 5.98562e+07 5.99827e+07 5.99906e+07 5.99872e+07 
90 5.98666e+07 5.99848e+07 5.99921e+07 5.99841e+07 
91 5.9875e+07 5.99862e+07 5.99928e+07 5.9985e+07 
92 5.98813e+07 5.9987e+07 5.9993e+07 5.99847e+07 
93 5.98884e+07 5.9988e+07 5.99933e+07 5.99847e+07 
94 5.98971e+07 5.99891e+07 5.99934e+07 5.99843e+07 
95 5.99038e+07 5.99896e+07 5.99933e+07 5.99833e+07 
96 5.9909e+07 5.99895e+07 5.99932e+07 5.99823e+07 
97 5.99146e+07 5.9989e+07 5.99926e+07 5.9982e+07 
98 5.99179e+07 5.99884e+07 5.99915e+07 5.99912e+07 
99 5.99237e+07 5.99862e+07 5.9987e+07 5.99883e+07 
