1 5.99992e+07 5.99911e+07 5.99573e+07 5.9905e+07 
2 5.99655e+07 5.41454e+07 1.56846e+07 4.39244e+06 
3 5.9835e+07 5.32786e+06 89101.9 16446.5 
4 5.96261e+07 210997 5586.67 871.957 
5 735648 9418 175.97 33.6061 
6 6588.83 121.256 1.82307 0.386934 
7 25522.9 168.915 2.56237 0.626896 
8 13369 26.3458 0.441811 0.126138 
9 24205.5 18.5265 0.380003 0.126525 
10 15934.9 5.35624 0.137935 0.0531537 
11 19809.7 4.21508 0.139421 0.0614626 
12 13067.1 1.82402 0.0786529 0.0391349 
13 9293.84 1.01375 0.057148 0.031648 
14 8235.4 0.806953 0.0591516 0.0359651 
15 19784.9 2.08697 0.196385 0.129442 
16 11340.3 1.2984 0.154485 0.109131 
17 16714.3 2.23796 0.331782 0.248345 
18 8790.59 1.41328 0.256936 0.201972 
19 9868.66 2.03769 0.446731 0.365942 
20 31292.3 8.82706 2.2946 1.94562 
21 16915.2 6.30645 1.91366 1.67009 
22 14159.7 7.2206 2.51727 2.25041 
23 13692 9.6724 3.81042 3.47752 
24 12013.5 11.8012 5.18877 4.81156 
25 11277.8 15.4334 7.48619 7.03372 
26 12833.4 24.3084 12.8749 12.228 
27 9449.3 24.5868 14.0859 13.4967 
28 12673.2 45.1868 27.7542 26.7842 
29 15749.5 76.4312 49.8279 48.4017 
30 21111.2 138.312 94.9777 92.7789 
31 14575.3 127.081 91.3883 89.6832 
32 8259.17 94.8192 71.0273 69.9618 
33 9462.45 141.062 109.63 108.236 
34 7745.19 148.169 118.987 117.682 
35 9821.83 238.717 197.281 195.373 
36 5775.97 176.318 149.305 148.047 
37 5147.77 195.263 168.626 167.459 
38 4313.06 201.022 176.602 175.589 
39 2854.96 161.13 143.904 143.222 
40 3092.93 209.157 189.534 188.774 
41 1859.3 149.332 137.036 136.557 
42 1747.11 165.11 153.157 152.671 
43 1098.1 121.073 113.351 113.01 
44 583.659 74.4274 70.2315 70.0248 
45 441.947 64.3286 61.2682 61.0782 
46 361.244 59.6035 57.1456 56.9861 
47 227.537 42.2693 40.7175 40.6258 
48 155.48 32.3041 31.2393 31.1813 
49 118.288 27.307 26.4899 26.4482 
50 72.0911 18.3816 17.8756 17.8509 
51 57.6144 16.0693 15.6836 15.6671 
52 34.0879 10.341 10.1261 10.1181 
53 28.749 9.4401 9.26809 9.262 
54 16.7862 5.93874 5.84205 5.8385 
55 12.9498 4.91636 4.84302 4.8401 
56 8.15263 3.30882 3.26216 3.26018 
57 5.66605 2.45013 2.41629 2.41481 
58 4.752 2.16918 2.14502 2.14351 
59 3.40473 1.63597 1.62149 1.62003 
60 2.21256 1.11684 1.10906 1.10787 
61 1.64789 0.871482 0.866554 0.86554 
62 1.38853 0.766728 0.762814 0.761935 
63 0.92646 0.53326 0.530383 0.529836 
64 0.674108 0.40362 0.401038 0.400697 
65 0.610454 0.378765 0.376026 0.375758 
66 0.420948 0.269496 0.268316 0.268079 
67 0.32976 0.217236 0.216819 0.216617 
68 0.24705 0.167359 0.167077 0.166944 
69 0.205762 0.14301 0.142803 0.142704 
70 0.160304 0.114253 0.114114 0.114044 
71 0.125776 0.091759 0.0916706 0.0916234 
72 0.096332 0.0718717 0.0718273 0.071801 
73 0.0741119 0.0564832 0.0563167 0.0562973 
74 0.0566157 0.0440795 0.0438357 0.0438214 
75 0.035516 0.0281056 0.0279679 0.0279606 
76 0.0328793 0.0264169 0.0263453 0.0263432 
77 0.0251661 0.0204822 0.0204765 0.0204827 
78 0.0193902 0.0160031 0.0160141 0.0160087 
79 0.0150079 0.0125403 0.0125498 0.0125536 
80 0.0105262 0.00890113 0.00890918 0.00891178 
81 0.0083119 0.00711087 0.00711904 0.0071156 
82 0.00657613 0.0056796 0.00568816 0.00568026 
83 0.00519199 0.00453974 0.00453933 0.00454 
84 0.00393592 0.00347889 0.00346823 0.00347 
85 0.00313546 0.00279686 0.00278575 0.00278766 
86 0.00249471 0.00225567 0.00224632 0.00224357 
87 0.00197174 0.00179461 0.00178785 0.00178618 
88 0.00161914 0.00148069 0.0014756 0.00147475 
89 0.00132268 0.00121616 0.00121232 0.00121314 
90 0.00107812 0.000996754 0.00099387 0.000995442 
91 0.000872292 0.000810207 0.000808073 0.000809331 
92 0.00077257 0.000720217 0.000718489 0.000719674 
93 0.000638105 0.000597293 0.000596021 0.000597042 
94 0.000522854 0.000491851 0.000491007 0.0004919 
95 0.000408651 0.000386029 0.000385451 0.000386219 
96 0.000352046 0.000333697 0.000333204 0.000333925 
97 0.000281829 0.000268227 0.000267836 0.000268405 
98 0.000239821 0.00022882 0.00022854 0.000228553 
99 0.000196894 0.000188865 0.000188806 0.000188754 
