     -5.01  -0.199227  -0.199227  -0.199227 
    -4.885   -2.40782   -2.40782   -2.40782 
     -4.76    -2.8596    -2.8596    -2.8596 
    -4.635   -2.93961   -2.93961   -2.93961 
     -4.51   -2.82871   -2.82871   -2.82871 
    -4.385    -2.5624    -2.5624    -2.5624 
     -4.26   -2.11613   -2.11613   -2.11613 
    -4.135   -1.35074   -1.35074   -1.35074 
     -4.01    1.41221    1.41221    1.41221 
    -3.885  -0.821653  -0.821653  -0.821653 
     -3.76   -1.29935   -1.29935   -1.29935 
    -3.635   -1.40598   -1.40598   -1.40598 
     -3.51   -1.32241   -1.32241   -1.32241 
    -3.385   -1.08421   -1.08421   -1.08421 
     -3.26  -0.666863  -0.666863  -0.666863 
    -3.135  0.0687518  0.0687518  0.0687518 
     -3.01      2.801      2.801      2.801 
    -2.885    0.53547    0.53547    0.53547 
     -2.76  0.0250715  0.0250715  0.0250715 
    -2.635  -0.115367  -0.115367  -0.115367 
     -2.51 -0.0667982 -0.0667982 -0.0667982 
    -2.385   0.135141   0.135141   0.135141 
     -2.26   0.514865   0.514865   0.514865 
    -2.135    1.21138    1.21138    1.21138 
     -2.01    3.90294    3.90294    3.90294 
    -1.885    1.59499    1.59499    1.59499 
     -1.76     1.0403     1.0403     1.0403 
    -1.635   0.853516   0.853516   0.853516 
     -1.51   0.853485   0.853485   0.853485 
    -1.385    1.00434    1.00434    1.00434 
     -1.26    1.33023    1.33023    1.33023 
    -1.135    1.96985    1.96985    1.96985 
     -1.01    4.60107    4.60107    4.60107 
    -0.885    2.22892    2.22892    2.22892 
     -0.76    1.60562    1.60562    1.60562 
    -0.635    1.34516    1.34516    1.34516 
     -0.51    1.26559    1.26559    1.26559 
    -0.385    1.33004    1.33004    1.33004 
     -0.26    1.56134    1.56134    1.56134 
    -0.135    2.09648    2.09648    2.09648 
     -0.01    4.61102    4.61102    4.61103 
     0.115    2.10675    2.10675    2.10675 
      0.24    1.33118    1.33118    1.33118 
     0.365   0.891029   0.891029   0.891029 
      0.49    0.59225    0.59225    0.59225 
     0.615   0.375528   0.375528   0.375528 
      0.74   0.214268   0.214268   0.214268 
     0.865  0.0939997  0.0939997  0.0939997 
      0.99 0.00585481 0.00585481  0.0058548 
     1.115 -0.0560686 -0.0560686 -0.0560686 
      1.24 -0.0959372 -0.0959372 -0.0959372 
     1.365  -0.116829  -0.116829  -0.116829 
      1.49    -0.1211    -0.1211    -0.1211 
     1.615  -0.110605  -0.110605  -0.110605 
      1.74 -0.0868375 -0.0868375 -0.0868376 
     1.865  -0.051026  -0.051026  -0.051026 
      1.99 -0.00419553 -0.00419553 -0.00419554 
     2.115  0.0527858  0.0527858  0.0527858 
      2.24   0.119174   0.119174   0.119174 
     2.365   0.194325   0.194325   0.194325 
      2.49   0.277676   0.277676   0.277676 
     2.615    0.36873    0.36873    0.36873 
      2.74   0.467048   0.467048   0.467048 
     2.865   0.572235   0.572235   0.572235 
      2.99   0.683939   0.683939   0.683939 
     3.115   0.801841   0.801841   0.801841 
      3.24    0.92565    0.92565    0.92565 
     3.365     1.0551     1.0551     1.0551 
      3.49    1.18996    1.18996    1.18996 
     3.615    1.32999    1.32999    1.32999 
      3.74    1.47501    1.47501    1.47501 
     3.865     1.6248     1.6248     1.6248 
      3.99    1.77921    1.77921    1.77921 
     4.115    1.93807    1.93807    1.93807 
      4.24    2.10122    2.10122    2.10122 
     4.365    2.26853    2.26853    2.26853 
      4.49    2.43986    2.43986    2.43986 
     4.615    2.61509    2.61509    2.61509 
      4.74    2.79409    2.79409    2.79409 
     4.865    2.97677    2.97677    2.97677 
      4.99      3.163      3.163      3.163 
