-1 0.355576 0.293637 -0.645847 
-0.984375 0.356221 0.191842 -0.639332 
-0.96875 0.35409 0.0873611 -0.633005 
-0.953125 0.349107 -0.0193802 -0.626944 
-0.9375 0.341211 -0.12792 -0.621229 
-0.921875 0.330353 -0.237759 -0.615943 
-0.90625 0.316498 -0.348364 -0.611169 
-0.890625 0.299625 -0.459162 -0.606992 
-0.875 0.279734 -0.569545 -0.603496 
-0.859375 0.256841 -0.678869 -0.600768 
-0.84375 0.230979 -0.786453 -0.598891 
-0.828125 0.202206 -0.891587 -0.597948 
-0.8125 0.170599 -0.993528 -0.59802 
-0.796875 0.13626 -1.09151 -0.599187 
-0.78125 0.0993131 -1.18474 -0.601523 
-0.765625 0.0599087 -1.27241 -0.6051 
-0.75 0.0182217 -1.35371 -0.609984 
-0.734375 -0.025547 -1.42781 -0.616235 
-0.71875 -0.0711704 -1.4939 -0.623909 
-0.703125 -0.118396 -1.55118 -0.633051 
-0.6875 -0.166945 -1.59887 -0.643701 
-0.671875 -0.216516 -1.63622 -0.655887 
-0.65625 -0.266782 -1.66254 -0.66963 
-0.640625 -0.317394 -1.67717 -0.68494 
-0.625 -0.367984 -1.67954 -0.701813 
-0.609375 -0.418166 -1.66915 -0.720237 
-0.59375 -0.467538 -1.64558 -0.740185 
-0.578125 -0.515685 -1.60855 -0.761617 
-0.5625 -0.562185 -1.55783 -0.784483 
-0.546875 -0.60661 -1.49337 -0.808715 
-0.53125 -0.648531 -1.41523 -0.834235 
-0.515625 -0.687521 -1.32358 -0.860949 
-0.5 -0.723164 -1.21879 -0.888751 
-0.484375 -0.755053 -1.10132 -0.917522 
-0.46875 -0.782801 -0.971831 -0.947128 
-0.453125 -0.806042 -0.831097 -0.977427 
-0.4375 -0.824438 -0.68006 -1.00826 
-0.421875 -0.837684 -0.5198 -1.03947 
-0.40625 -0.845508 -0.351536 -1.07087 
-0.390625 -0.847685 -0.176616 -1.10229 
-0.375 -0.844029 0.003498 -1.13352 
-0.359375 -0.834407 0.187238 -1.16439 
-0.34375 -0.818737 0.372951 -1.19469 
-0.328125 -0.79699 0.558912 -1.22423 
-0.3125 -0.769195 0.743349 -1.25279 
-0.296875 -0.735439 0.924458 -1.2802 
-0.28125 -0.695866 1.10043 -1.30624 
-0.265625 -0.65068 1.26947 -1.33075 
-0.25 -0.600142 1.42983 -1.35353 
-0.234375 -0.544568 1.57981 -1.37441 
-0.21875 -0.48433 1.7178 -1.39325 
-0.203125 -0.419847 1.84231 -1.40989 
-0.1875 -0.351586 1.95196 -1.4242 
-0.171875 -0.280058 2.04553 -1.43606 
-0.15625 -0.205808 2.12195 -1.44539 
-0.140625 -0.129413 2.18034 -1.4521 
-0.125 -0.0514768 2.22003 -1.45613 
-0.109375 0.0273795 2.24051 -1.45745 
-0.09375 0.106522 2.24152 -1.45603 
-0.078125 0.185313 2.22298 -1.45187 
-0.0625 0.263115 2.18506 -1.445 
-0.046875 0.339301 2.1281 -1.43547 
-0.03125 0.413258 2.05269 -1.42334 
-0.015625 0.484396 1.95958 -1.40868 
0 0.552153 1.84972 -1.39161 
0.015625 0.616004 1.72425 -1.37224 
0.03125 0.67546 1.58443 -1.35072 
0.046875 0.730079 1.4317 -1.32719 
0.0625 0.779467 1.26758 -1.30182 
0.078125 0.823281 1.09372 -1.27479 
0.09375 0.861236 0.911822 -1.24628 
0.109375 0.8931 0.723652 -1.2165 
0.125 0.918702 0.531006 -1.18565 
0.140625 0.937928 0.335688 -1.15392 
0.15625 0.950725 0.139486 -1.12154 
0.171875 0.957096 -0.0558425 -1.08872 
0.1875 0.957099 -0.248596 -1.05566 
0.203125 0.950849 -0.437143 -1.02257 
0.21875 0.93851 -0.619941 -0.989663 
0.234375 0.920294 -0.795548 -0.957123 
0.25 0.896459 -0.962637 -0.925143 
0.265625 0.867301 -1.12001 -0.893901 
0.28125 0.833155 -1.26658 -0.863569 
0.296875 0.794385 -1.40143 -0.834303 
0.3125 0.751384 -1.52376 -0.806249 
0.328125 0.704565 -1.63291 -0.77954 
0.34375 0.654361 -1.72838 -0.754294 
0.359375 0.601216 -1.80979 -0.730617 
0.375 0.545583 -1.87692 -0.708598 
0.390625 0.48792 -1.92964 -0.688313 
0.40625 0.428683 -1.96797 -0.669824 
0.421875 0.368327 -1.99205 -0.653176 
0.4375 0.307297 -2.0021 -0.638403 
0.453125 0.246028 -1.99846 -0.625521 
0.46875 0.184942 -1.98154 -0.614536 
0.484375 0.124445 -1.95185 -0.60544 
0.5 0.0649236 -1.90994 -0.598212 
0.515625 0.00674502 -1.85644 -0.592819 
0.53125 -0.049746 -1.79202 -0.589217 
0.546875 -0.104228 -1.71739 -0.587353 
0.5625 -0.156403 -1.63329 -0.587164 
0.578125 -0.205998 -1.54051 -0.588576 
0.59375 -0.252767 -1.43981 -0.591512 
0.609375 -0.296488 -1.33201 -0.595883 
0.625 -0.336965 -1.21791 -0.601596 
0.640625 -0.374027 -1.09831 -0.608553 
0.65625 -0.407529 -0.974019 -0.616651 
0.671875 -0.437351 -0.845833 -0.625783 
0.6875 -0.463398 -0.714537 -0.635839 
0.703125 -0.485596 -0.580908 -0.646707 
0.71875 -0.503897 -0.445704 -0.658273 
0.734375 -0.518275 -0.30967 -0.670423 
0.75 -0.528723 -0.173531 -0.683041 
0.765625 -0.535257 -0.0379927 -0.696013 
0.78125 -0.537914 0.09626 -0.709227 
0.796875 -0.536747 0.228564 -0.722569 
0.8125 -0.53183 0.358279 -0.735931 
0.828125 -0.523253 0.484789 -0.749206 
0.84375 -0.511123 0.607506 -0.762288 
0.859375 -0.495561 0.725865 -0.775078 
0.875 -0.476706 0.839334 -0.787479 
0.890625 -0.454709 0.947407 -0.799399 
0.90625 -0.429732 1.04961 -0.81075 
0.921875 -0.401951 1.14551 -0.821449 
0.9375 -0.371554 1.2347 -0.831419 
0.953125 -0.338735 1.3168 -0.840588 
0.96875 -0.3037 1.39151 -0.84889 
0.984375 -0.266661 1.45851 -0.856264 
