      -5.1         -1 
    -4.975         -1 
     -4.85         -1 
    -4.725         -1 
      -4.6         -1 
    -4.475         -1 
     -4.35         -1 
    -4.225         -1 
      -4.1         -1 
    -3.975         -1 
     -3.85         -1 
    -3.725         -1 
      -3.6         -1 
    -3.475  -0.999999 
     -3.35  -0.999998 
    -3.225  -0.999995 
      -3.1  -0.999988 
    -2.975  -0.999974 
     -2.85  -0.999944 
    -2.725  -0.999884 
      -2.6  -0.999764 
    -2.475  -0.999535 
     -2.35  -0.999111 
    -2.225  -0.998348 
      -2.1  -0.997021 
    -1.975  -0.994779 
     -1.85  -0.991111 
    -1.725  -0.985293 
      -1.6  -0.976348 
    -1.475  -0.963018 
     -1.35  -0.943762 
    -1.225    -0.9168 
      -1.1  -0.880205 
    -0.975  -0.832062 
     -0.85  -0.770668 
    -0.725  -0.694781 
      -0.6  -0.603856 
    -0.475  -0.498258 
     -0.35  -0.379382 
    -0.225  -0.249665 
      -0.1  -0.112463 
     0.025  0.0282036 
      0.15   0.167996 
     0.275   0.302656 
       0.4   0.428392 
     0.525   0.542193 
      0.65   0.642029 
     0.775   0.726928 
       0.9   0.796908 
     1.025   0.852821 
      1.15   0.896124 
     1.275   0.928631 
       1.4   0.952285 
     1.525   0.968969 
      1.65   0.980376 
     1.775   0.987935 
       1.9    0.99279 
     2.025   0.995814 
      2.15   0.997639 
     2.275   0.998706 
       2.4   0.999311 
     2.525   0.999644 
      2.65   0.999822 
     2.775   0.999913 
       2.9   0.999959 
     3.025   0.999981 
      3.15   0.999992 
     3.275   0.999996 
       3.4   0.999998 
     3.525   0.999999 
      3.65          1 
     3.775          1 
       3.9          1 
     4.025          1 
      4.15          1 
     4.275          1 
       4.4          1 
     4.525          1 
      4.65          1 
     4.775          1 
       4.9          1 
     5.025          1 
