     -5.01   0.819364   0.819364   0.819364 
    -4.885 -0.0900111 -0.0900111 -0.0900111 
     -4.76  -0.057292  -0.057292  -0.057292 
    -4.635 -0.0528862 -0.0528862 -0.0528862 
     -4.51 -0.0590889 -0.0590889 -0.0590889 
    -4.385 -0.0771192 -0.0771192 -0.0771192 
     -4.26  -0.120497  -0.120497  -0.120497 
    -4.135   -0.25905   -0.25905   -0.25905 
     -4.01   -4.10501   -4.10501   -4.10501 
    -3.885   0.439704   0.439704   0.439704 
     -3.76    0.27271    0.27271    0.27271 
    -3.635   0.245128   0.245128   0.245128 
     -3.51   0.266491   0.266491   0.266491 
    -3.385   0.338168   0.338168   0.338168 
     -3.26   0.513317   0.513317   0.513317 
    -3.135    1.07117    1.07117    1.07117 
     -3.01    16.4611    16.4611    16.4611 
    -2.885   -1.70825   -1.70825   -1.70825 
     -2.76   -1.02539   -1.02539   -1.02539 
    -2.635  -0.891039  -0.891039  -0.891039 
     -2.51  -0.935384  -0.935384  -0.935384 
    -2.385    -1.1447    -1.1447    -1.1447 
     -2.26   -1.67341   -1.67341   -1.67341 
    -2.135   -3.35812   -3.35812   -3.35812 
     -2.01   -49.5479   -49.5479   -49.5479 
    -1.885     4.9283     4.9283     4.9283 
     -1.76    2.83007    2.83007    2.83007 
    -1.635    2.34789    2.34789    2.34789 
     -1.51    2.34781    2.34781    2.34781 
    -1.385     2.7301     2.7301     2.7301 
     -1.26    3.78191    3.78191    3.78191 
    -1.135    7.16958    7.16958    7.16958 
     -1.01    99.5913    99.5913    99.5913 
    -0.885   -9.28985   -9.28985   -9.28985 
     -0.76   -4.98093   -4.98093   -4.98093 
    -0.635    -3.8388    -3.8388    -3.8388 
     -0.51    -3.5452    -3.5452    -3.5452 
    -0.385   -3.78119   -3.78119   -3.78119 
     -0.26   -4.76521   -4.76521   -4.76521 
    -0.135   -8.13748   -8.13748   -8.13748 
     -0.01   -100.587   -100.587   -100.587 
     0.115    8.22152    8.22152    8.22152 
      0.24     3.7855     3.7855     3.7855 
     0.365    2.43764    2.43764    2.43764 
      0.49    1.80805    1.80805    1.80805 
     0.615    1.45576    1.45576    1.45576 
      0.74    1.23895    1.23895    1.23895 
     0.865    1.09856    1.09856    1.09856 
      0.99    1.00587    1.00587    1.00587 
     1.115   0.945474   0.945474   0.945474 
      1.24   0.908521   0.908521   0.908521 
     1.365   0.889737   0.889737   0.889737 
      1.49   0.885945   0.885945   0.885945 
     1.615   0.895292   0.895292   0.895292 
      1.74   0.916826   0.916826   0.916826 
     1.865   0.950254   0.950254   0.950254 
      1.99   0.995813   0.995813   0.995813 
     2.115     1.0542     1.0542     1.0542 
      2.24    1.12657    1.12657    1.12657 
     2.365    1.21449    1.21449    1.21449 
      2.49    1.32006    1.32006    1.32006 
     2.615     1.4459     1.4459     1.4459 
      2.74    1.59528    1.59528    1.59528 
     2.865    1.77222    1.77222    1.77222 
      2.99    1.98167    1.98167    1.98167 
     3.115    2.22964    2.22964    2.22964 
      3.24    2.52351    2.52351    2.52351 
     3.365    2.87227    2.87227    2.87227 
      3.49    3.28695    3.28695    3.28695 
     3.615    3.78102    3.78102    3.78102 
      3.74    4.37106    4.37106    4.37106 
     3.865    5.07742    5.07742    5.07742 
      3.99    5.92519    5.92519    5.92519 
     4.115    6.94533    6.94533    6.94533 
      4.24    8.17617    8.17617    8.17617 
     4.365    9.66519    9.66519    9.66519 
      4.49    11.4714    11.4714    11.4714 
     4.615    13.6684    13.6684    13.6684 
      4.74    16.3478    16.3478    16.3478 
     4.865    19.6242    19.6242    19.6242 
      4.99    23.6415    23.6415    23.6415 
