100 0.0146175
100.5 0.015196
101 0.0158096
101.5 0.016461
102 0.0171535
102.5 0.0178907
103 0.0186763
103.5 0.0195148
104 0.0204111
104.5 0.0213705
105 0.0223991
105.5 0.0235037
106 0.024692
106.5 0.0259727
107 0.0273555
107.5 0.0288517
108 0.0304739
108.5 0.0322367
109 0.0341568
109.5 0.0362535
110 0.038549
110.5 0.0410693
111 0.0438447
111.5 0.0469107
112 0.0503092
112.5 0.0540902
113 0.0583129
113.5 0.0630489
114 0.0683847
114.5 0.0744255
115 0.0813011
115.5 0.0891718
116 0.0982388
116.5 0.108756
117 0.121049
117.5 0.135539
118 0.152779
118.5 0.173505
119 0.198718
119.5 0.2298
120 0.268702
120.5 0.318249
121 0.382638
121.5 0.468319
122 0.585553
122.5 0.75137
123 0.995377
123.5 1.37172
124 1.98409
124.5 3.03368
125 4.85714
125.5 7.53246
126 9.06934
126.5 7.2259
127 4.60517
127.5 2.88575
128 1.89919
128.5 1.3207
129 0.962984
129.5 0.729752
130 0.570501
130.5 0.457459
131 0.374566
131.5 0.312095
132 0.26391
132.5 0.225998
133 0.195652
133.5 0.170998
134 0.150704
134.5 0.133803
135 0.119582
135.5 0.107505
136 0.0971636
136.5 0.0882411
137 0.0804902
137.5 0.0737148
138 0.0677583
138.5 0.0624941
139 0.0578192
139.5 0.0536489
140 0.0499132
140.5 0.046554
141 0.0435222
141.5 0.0407769
142 0.038283
142.5 0.0360108
143 0.0339348
143.5 0.0320331
144 0.0302868
144.5 0.0286792
145 0.0271963
145.5 0.0258253
146 0.0245554
146.5 0.0233768
147 0.022281
147.5 0.0212604
148 0.0203084
148.5 0.0194188
149 0.0185864
149.5 0.0178063
150 0.0170744
150.5 0.0163866
151 0.0157395
151.5 0.01513
152 0.0145552
152.5 0.0140125
153 0.0134996
153.5 0.0130144
154 0.0125548
154.5 0.0121192
155 0.0117058
155.5 0.0113132
156 0.01094
156.5 0.010585
157 0.010247
157.5 0.00992493
158 0.00961779
158.5 0.00932469
159 0.00904478
159.5 0.00877728
160 0.00852147
