         1    8.40188    8.40188          0          0 
    1.0625    8.12325    8.12325    0.51641    0.51641 
     1.125    7.84462    7.84462    1.01541    1.01541 
    1.1875    7.56599    7.56599    1.49699    1.49699 
      1.25    7.28737    7.28737    1.96116    1.96116 
    1.3125    7.00874    7.00874    2.40791    2.40791 
     1.375    6.73011    6.73011    2.83725    2.83725 
    1.4375    6.45148    6.45148    3.24917    3.24917 
       1.5    6.17285    6.17285    3.64368    3.64368 
    1.5625    5.89423    5.89423    4.02078    4.02078 
     1.625     5.6156     5.6156    4.38046    4.38046 
    1.6875    5.33697    5.33697    4.72273    4.72273 
      1.75    5.05834    5.05834    5.04758    5.04758 
    1.8125    4.77971    4.77971    5.35502    5.35502 
     1.875    4.50109    4.50109    5.64505    5.64505 
    1.9375    4.22246    4.22246    5.91766    5.91766 
         2    3.94383    3.94383    6.17285    6.17285 
    2.0625    4.18678    4.18678    6.42693    6.42693 
     2.125    4.42972    4.42972     6.6962     6.6962 
    2.1875    4.67267    4.67267    6.98065    6.98065 
      2.25    4.91562    4.91562    7.28028    7.28028 
    2.3125    5.15857    5.15857     7.5951     7.5951 
     2.375    5.40152    5.40152    7.92511    7.92511 
    2.4375    5.64446    5.64446    8.27029    8.27029 
       2.5    5.88741    5.88741    8.63066    8.63066 
    2.5625    6.13036    6.13036    9.00622    9.00622 
     2.625    6.37331    6.37331    9.39696    9.39696 
    2.6875    6.61625    6.61625    9.80288    9.80288 
      2.75     6.8592     6.8592     10.224     10.224 
    2.8125    7.10215    7.10215    10.6603    10.6603 
     2.875     7.3451     7.3451    11.1118    11.1118 
    2.9375    7.58804    7.58804    11.5784    11.5784 
         3    7.83099    7.83099    12.0603    12.0603 
    3.0625    7.84058    7.84058      12.55      12.55 
     3.125    7.85017    7.85017    13.0403    13.0403 
    3.1875    7.85976    7.85976    13.5313    13.5313 
      3.25    7.86934    7.86934    14.0228    14.0228 
    3.3125    7.87893    7.87893    14.5149    14.5149 
     3.375    7.88852    7.88852    15.0077    15.0077 
    3.4375    7.89811    7.89811     15.501     15.501 
       3.5     7.9077     7.9077    15.9949    15.9949 
    3.5625    7.91728    7.91728    16.4895    16.4895 
     3.625    7.92687    7.92687    16.9846    16.9846 
    3.6875    7.93646    7.93646    17.4803    17.4803 
      3.75    7.94605    7.94605    17.9767    17.9767 
    3.8125    7.95564    7.95564    18.4736    18.4736 
     3.875    7.96522    7.96522    18.9711    18.9711 
    3.9375    7.97481    7.97481    19.4692    19.4692 
         4     7.9844     7.9844     19.968     19.968 
    4.0625    8.05515    8.05515    20.4692    20.4692 
     4.125    8.12591    8.12591    20.9749    20.9749 
    4.1875    8.19666    8.19666    21.4849    21.4849 
      4.25    8.26742    8.26742    21.9994    21.9994 
    4.3125    8.33817    8.33817    22.5184    22.5184 
     4.375    8.40893    8.40893    23.0417    23.0417 
    4.4375    8.47968    8.47968    23.5695    23.5695 
       4.5    8.55044    8.55044    24.1017    24.1017 
    4.5625    8.62119    8.62119    24.6383    24.6383 
     4.625    8.69195    8.69195    25.1793    25.1793 
    4.6875     8.7627     8.7627    25.7248    25.7248 
      4.75    8.83346    8.83346    26.2747    26.2747 
    4.8125    8.90421    8.90421     26.829     26.829 
     4.875    8.97496    8.97496    27.3877    27.3877 
    4.9375    9.04572    9.04572    27.9508    27.9508 
         5    9.11647    9.11647    28.5184    28.5184 
    5.0625    8.67016    8.67016    29.0742    29.0742 
     5.125    8.22385    8.22385    29.6022    29.6022 
    5.1875    7.77754    7.77754    30.1022    30.1022 
      5.25    7.33123    7.33123    30.5744    30.5744 
    5.3125    6.88492    6.88492    31.0186    31.0186 
     5.375    6.43861    6.43861     31.435     31.435 
    5.4375     5.9923     5.9923    31.8234    31.8234 
       5.5    5.54599    5.54599     32.184     32.184 
    5.5625    5.09968    5.09968    32.5167    32.5167 
     5.625    4.65337    4.65337    32.8215    32.8215 
    5.6875    4.20706    4.20706    33.0984    33.0984 
      5.75    3.76075    3.76075    33.3474    33.3474 
    5.8125    3.31444    3.31444    33.5685    33.5685 
     5.875    2.86813    2.86813    33.7617    33.7617 
    5.9375    2.42182    2.42182     33.927     33.927 
         6    1.97551    1.97551    34.0644    34.0644 
    6.0625    2.06156    2.06156    34.1905    34.1905 
     6.125     2.1476     2.1476    34.3221    34.3221 
    6.1875    2.23365    2.23365     34.459     34.459 
      6.25    2.31969    2.31969    34.6013    34.6013 
    6.3125    2.40574    2.40574     34.749     34.749 
     6.375    2.49178    2.49178     34.902     34.902 
    6.4375    2.57783    2.57783    35.0604    35.0604 
       6.5    2.66387    2.66387    35.2242    35.2242 
    6.5625    2.74992    2.74992    35.3934    35.3934 
     6.625    2.83596    2.83596     35.568     35.568 
    6.6875      2.922      2.922    35.7479    35.7479 
      6.75    3.00805    3.00805    35.9332    35.9332 
    6.8125    3.09409    3.09409    36.1239    36.1239 
     6.875    3.18014    3.18014      36.32      36.32 
    6.9375    3.26618    3.26618    36.5214    36.5214 
         7    3.35223    3.35223    36.7283    36.7283 
    7.0625    3.62286    3.62286    36.9462    36.9462 
     7.125    3.89349    3.89349    37.1811    37.1811 
    7.1875    4.16412    4.16412    37.4329    37.4329 
      7.25    4.43474    4.43474    37.7016    37.7016 
    7.3125    4.70537    4.70537    37.9873    37.9873 
     7.375      4.976      4.976    38.2898    38.2898 
    7.4375    5.24663    5.24663    38.6093    38.6093 
       7.5    5.51726    5.51726    38.9456    38.9456 
    7.5625    5.78789    5.78789    39.2989    39.2989 
     7.625    6.05852    6.05852    39.6691    39.6691 
    7.6875    6.32915    6.32915    40.0562    40.0562 
      7.75    6.59978    6.59978    40.4603    40.4603 
    7.8125    6.87041    6.87041    40.8812    40.8812 
     7.875    7.14104    7.14104    41.3191    41.3191 
    7.9375    7.41167    7.41167    41.7738    41.7738 
         8     7.6823     7.6823    42.2455    42.2455 
    8.0625    7.37576    7.37576    42.7161    42.7161 
     8.125    7.06923    7.06923    43.1675    43.1675 
    8.1875    6.76269    6.76269    43.5997    43.5997 
      8.25    6.45616    6.45616    44.0128    44.0128 
    8.3125    6.14962    6.14962    44.4068    44.4068 
     8.375    5.84309    5.84309    44.7815    44.7815 
    8.4375    5.53656    5.53656    45.1371    45.1371 
       8.5    5.23002    5.23002    45.4736    45.4736 
    8.5625    4.92349    4.92349    45.7909    45.7909 
     8.625    4.61695    4.61695     46.089     46.089 
    8.6875    4.31042    4.31042     46.368     46.368 
      8.75    4.00388    4.00388    46.6278    46.6278 
    8.8125    3.69735    3.69735    46.8685    46.8685 
     8.875    3.39082    3.39082      47.09      47.09 
    8.9375    3.08428    3.08428    47.2924    47.2924 
         9    2.77775    2.77775    47.4755    47.4755 
    9.0625    2.95037    2.95037    47.6545    47.6545 
     9.125    3.12299    3.12299    47.8443    47.8443 
    9.1875    3.29561    3.29561    48.0449    48.0449 
      9.25    3.46824    3.46824    48.2563    48.2563 
    9.3125    3.64086    3.64086    48.4785    48.4785 
     9.375    3.81348    3.81348    48.7114    48.7114 
    9.4375     3.9861     3.9861    48.9551    48.9551 
       9.5    4.15872    4.15872    49.2097    49.2097 
    9.5625    4.33135    4.33135     49.475     49.475 
     9.625    4.50397    4.50397    49.7511    49.7511 
    9.6875    4.67659    4.67659     50.038     50.038 
      9.75    4.84921    4.84921    50.3357    50.3357 
    9.8125    5.02183    5.02183    50.6441    50.6441 
     9.875    5.19446    5.19446    50.9634    50.9634 
    9.9375    5.36708    5.36708    51.2934    51.2934 
