1 119.976 124.047 116.038 
1.21875 115.561 119.575 111.682 
1.4375 111.309 115.265 107.489 
1.65625 107.213 111.109 103.454 
1.875 103.268 107.104 99.5705 
2.09375 99.4687 103.243 95.8326 
2.3125 95.8087 99.5208 92.2351 
2.53125 92.2834 95.9331 88.7726 
2.75 88.8878 92.4747 85.4401 
2.96875 85.6172 89.141 82.2326 
3.1875 82.4669 85.9275 79.1456 
3.40625 79.4325 82.8298 76.1745 
3.625 76.5098 79.8438 73.3149 
3.84375 73.6946 76.9654 70.5627 
4.0625 70.983 74.1908 67.9138 
4.28125 68.3711 71.5162 65.3643 
4.5 65.8554 68.9381 62.9105 
4.71875 63.4322 66.4529 60.5489 
4.9375 61.0982 64.0572 58.2759 
5.15625 58.8501 61.748 56.0882 
5.375 56.6847 59.522 53.9827 
5.59375 54.599 57.3762 51.9562 
5.8125 52.59 55.3078 50.0057 
6.03125 50.6549 53.3139 48.1285 
6.25 48.7911 51.392 46.3218 
6.46875 46.9958 49.5393 44.5829 
6.6875 45.2666 47.7534 42.9092 
6.90625 43.601 46.0319 41.2984 
7.125 41.9967 44.3724 39.7481 
7.34375 40.4514 42.7728 38.256 
7.5625 38.963 41.2308 36.8198 
7.78125 37.5293 39.7445 35.4376 
8 36.1484 38.3117 34.1073 
8.21875 34.8183 36.9306 32.8269 
8.4375 33.5372 35.5992 31.5946 
8.65625 32.3032 34.3159 30.4085 
8.875 31.1146 33.0788 29.267 
9.09375 29.9697 31.8863 28.1683 
9.3125 28.867 30.7368 27.1109 
9.53125 27.8048 29.6287 26.0932 
9.75 26.7817 28.5606 25.1136 
9.96875 25.7963 27.531 24.1709 
10.1875 24.8471 26.5385 23.2635 
10.4062 23.9328 25.5818 22.3902 
10.625 23.0522 24.6596 21.5497 
10.8438 22.204 23.7706 20.7407 
11.0625 21.387 22.9137 19.9621 
11.2812 20.6001 22.0876 19.2127 
11.5 19.8421 21.2914 18.4915 
11.7188 19.112 20.5238 17.7973 
11.9375 18.4088 19.7839 17.1292 
12.1562 17.7314 19.0707 16.4862 
12.375 17.079 18.3832 15.8673 
12.5938 16.4506 17.7205 15.2716 
12.8125 15.8452 17.0817 14.6983 
13.0312 15.2622 16.4659 14.1465 
13.25 14.7006 15.8723 13.6155 
13.4688 14.1597 15.3001 13.1044 
13.6875 13.6387 14.7485 12.6124 
13.9062 13.1369 14.2168 12.139 
14.125 12.6535 13.7043 11.6833 
14.3438 12.1879 13.2103 11.2447 
14.5625 11.7395 12.734 10.8226 
14.7812 11.3075 12.275 10.4163 
15 10.8914 11.8325 10.0252 
