1 119.976 
1.21875 115.561 
1.4375 111.309 
1.65625 107.213 
1.875 103.268 
2.09375 99.4687 
2.3125 95.8087 
2.53125 92.2834 
2.75 88.8878 
2.96875 85.6172 
3.1875 82.4669 
3.40625 79.4325 
3.625 76.5098 
3.84375 73.6946 
4.0625 70.983 
4.28125 68.3711 
4.5 65.8554 
4.71875 63.4322 
4.9375 61.0982 
5.15625 58.8501 
5.375 56.6847 
5.59375 54.599 
5.8125 52.59 
6.03125 50.6549 
6.25 48.7911 
6.46875 46.9958 
6.6875 45.2666 
6.90625 43.601 
7.125 41.9967 
7.34375 40.4514 
7.5625 38.963 
7.78125 37.5293 
8 36.1484 
8.21875 34.8183 
8.4375 33.5372 
8.65625 32.3032 
8.875 31.1146 
9.09375 29.9697 
9.3125 28.867 
9.53125 27.8048 
9.75 26.7817 
9.96875 25.7963 
10.1875 24.8471 
10.4062 23.9328 
10.625 23.0522 
10.8438 22.204 
11.0625 21.387 
11.2812 20.6001 
11.5 19.8421 
11.7188 19.112 
11.9375 18.4088 
12.1562 17.7314 
12.375 17.079 
12.5938 16.4506 
12.8125 15.8452 
13.0312 15.2622 
13.25 14.7006 
13.4688 14.1597 
13.6875 13.6387 
13.9062 13.1369 
14.125 12.6535 
14.3438 12.1879 
14.5625 11.7395 
14.7812 11.3075 
15 10.8914 
