         1    8.40188          0   -9.45498 
    1.0625    7.83046   0.507057   -8.83036 
     1.125    7.29808   0.979621   -8.20575 
    1.1875    6.80474    1.42013   -7.58113 
      1.25    6.35044    1.83103   -6.95651 
    1.3125    5.93518    2.21475    -6.3319 
     1.375    5.55895    2.57374   -5.70728 
    1.4375    5.22177    2.91043   -5.08266 
       1.5    4.92362    3.22727   -4.45805 
    1.5625    4.66451     3.5267   -3.83343 
     1.625    4.44444    3.81115   -3.20881 
    1.6875    4.26341    4.08307    -2.5842 
      1.75    4.12142    4.34489   -1.95958 
    1.8125    4.01846    4.59906   -1.33497 
     1.875    3.95455    4.84801  -0.710349 
    1.9375    3.92967    5.09419 -0.0857321 
         2    3.94383    5.34003   0.538884 
    2.0625    3.99059    5.58785   0.957419 
     2.125    4.06351     5.8394    1.37595 
    2.1875    4.16258    6.09633    1.79449 
      2.25    4.28782    6.36027    2.21302 
    2.3125    4.43921    6.63285    2.63156 
     2.375    4.61676    6.91571    3.05009 
    2.4375    4.82047    7.21049    3.46863 
       2.5    5.05034    7.51882    3.88716 
    2.5625    5.30637    7.84233     4.3057 
     2.625    5.58855    8.18266    4.72423 
    2.6875     5.8969    8.54144    5.14277 
      2.75     6.2314    8.92032     5.5613 
    2.8125    6.59206    9.32091    5.97984 
     2.875    6.97888    9.74487    6.39837 
    2.9375    7.39186    10.1938    6.81691 
         3    7.83099    10.6694    7.23544 
    3.0625    8.25554    11.1724    6.35019 
     3.125    8.62477    11.7002    5.46493 
    3.1875    8.93866    12.2493    4.57968 
      3.25    9.19723    12.8164    3.69442 
    3.3125    9.40046    13.3978    2.80917 
     3.375    9.54837    13.9903    1.92392 
    3.4375    9.64095    14.5902    1.03866 
       3.5     9.6782    15.1942   0.153408 
    3.5625    9.66013    15.7988  -0.731846 
     3.625    9.58672    16.4006    -1.6171 
    3.6875    9.45799     16.996   -2.50235 
      3.75    9.27393    17.5817   -3.38761 
    3.8125    9.03454    18.1541   -4.27286 
     3.875    8.73982    18.7099   -5.15812 
    3.9375    8.38978    19.2454   -6.04337 
         4     7.9844    19.7574   -6.92863 
    4.0625    7.58285    20.2436   -5.92104 
     4.125    7.24427    20.7066   -4.91345 
    4.1875    6.96867    21.1504   -3.90586 
      4.25    6.75604     21.579   -2.89828 
    4.3125    6.60638    21.9962   -1.89069 
     4.375     6.5197    22.4061  -0.883101 
    4.4375    6.49599    22.8125   0.124486 
       4.5    6.53526    23.2194    1.13207 
    4.5625     6.6375    23.6307    2.13966 
     4.625    6.80272    24.0504    3.14725 
    4.6875    7.03091    24.4824    4.15484 
      4.75    7.32207    24.9306    5.16242 
    4.8125    7.67621     25.399    6.17001 
     4.875    8.09333    25.8914     7.1776 
    4.9375    8.57341    26.4119    8.18518 
         5    9.11647    26.9644    9.19277 
    5.0625    9.62722    27.5508    7.15106 
     5.125    10.0104    28.1652    5.10934 
    5.1875    10.2659    28.7995    3.06762 
      5.25    10.3938    29.4457    1.02591 
    5.3125    10.3941     30.096   -1.01581 
     5.375    10.2668    30.7423   -3.05753 
    5.4375    10.0119    31.3767   -5.09924 
       5.5    9.62943    31.9912   -7.14096 
    5.5625    9.11931    32.5777   -9.18268 
     5.625    8.48159    33.1284   -11.2244 
    5.6875    7.71626    33.6353   -13.2661 
      5.75    6.82333    34.0903   -15.3078 
    5.8125    5.80279    34.4855   -17.3495 
     5.875    4.65464     34.813   -19.3913 
    5.9375    3.37888    35.0647    -21.433 
         6    1.97551    35.2327   -23.4747 
    6.0625   0.605421    35.3123   -20.3683 
     6.125   -0.57052    35.3124   -17.2618 
    6.1875   -1.55231    35.2451   -14.1554 
      6.25   -2.33995    35.1224    -11.049 
    6.3125   -2.93343    34.9566   -7.94256 
     6.375   -3.33277    34.7598   -4.83614 
    6.4375   -3.53795    34.5441   -1.72971 
       6.5   -3.54898    34.3216    1.37671 
    6.5625   -3.36586    34.1045    4.48314 
     6.625   -2.98859    33.9049    7.58957 
    6.6875   -2.41716     33.735     10.696 
      6.75   -1.65159    33.6068    13.8024 
    6.8125  -0.691863    33.5326    16.9088 
     6.875   0.462016    33.5244    20.0153 
    6.9375    1.81005    33.5944    23.1217 
         7    3.35223    33.7547    26.2281 
    7.0625    4.90595    34.0136    23.4909 
     7.125    6.28859    34.3643    20.7536 
    7.1875    7.50015    34.7961    18.0164 
      7.25    8.54063    35.2983    15.2791 
    7.3125    9.41003    35.8602    12.5418 
     7.375    10.1084     36.471    9.80458 
    7.4375    10.6356    37.1201    7.06732 
       7.5    10.9918    37.7969    4.33007 
    7.5625    11.1769    38.4905    1.59281 
     7.625    11.1909    39.1904   -1.14444 
    7.6875    11.0338    39.8858    -3.8817 
      7.75    10.7057    40.5661   -6.61896 
    7.8125    10.2064    41.2205   -9.35621 
     7.875    9.53614    41.8383   -12.0935 
    7.9375    8.69476    42.4089   -14.8307 
         8     7.6823    42.9216    -17.568 
    8.0625    6.63376    43.3685   -15.9851 
     8.125    5.68416    43.7529   -14.4021 
    8.1875     4.8335     44.081   -12.8192 
      8.25    4.08176    44.3591   -11.2363 
    8.3125    3.42896    44.5933   -9.65334 
     8.375     2.8751    44.7898   -8.07041 
    8.4375    2.42016    44.9548   -6.48748 
       8.5    2.06416    45.0944   -4.90455 
    8.5625     1.8071    45.2149   -3.32162 
     8.625    1.64896    45.3223   -1.73869 
    8.6875    1.58976     45.423  -0.155761 
      8.75    1.62949    45.5231    1.42717 
    8.8125    1.76816    45.6288     3.0101 
     8.875    2.00575    45.7462    4.59303 
    8.9375    2.34228    45.8816    6.17596 
         9    2.77775    46.0411    7.75888 
    9.0625    3.24316    46.2294    7.13427 
     9.125    3.66953    46.4456    6.50965 
    9.1875    4.05686    46.6873    5.88504 
      9.25    4.40516    46.9519    5.26042 
    9.3125    4.71442    47.2371     4.6358 
     9.375    4.98464    47.5404    4.01119 
    9.4375    5.21582    47.8594    3.38657 
       9.5    5.40796    48.1916    2.76195 
    9.5625    5.56106    48.5346    2.13734 
     9.625    5.67512    48.8859    1.51272 
    9.6875    5.75015    49.2431   0.888103 
      9.75    5.78614    49.6039   0.263486 
    9.8125    5.78308    49.9656   -0.36113 
     9.875    5.74099    50.3259  -0.985747 
    9.9375    5.65987    50.6824   -1.61036 
        10     5.5397    51.0326   -2.23498 
